-0.206579 -0.727827
-0.0216949 -0.204894
-0.178167 -1.10001
-0.110416 -0.713912
-0.159572 -0.861552
-0.0985079 -0.2
0 0
0 0
-0.00476145 -0.224554
0 -0.2
-0.0336302 0
0 0
-0.180466 -0.980949
-0.140444 -0.530715
-0.18274 -0.627843
-0.120052 -0.374002
-0.138429 -0.2
-0.0733029 -0.2
-0.0325571 -0.396879
-0.0367848 -0.20726
-0.198984 -0.614552
-0.117481 -0.2
-0.197276 -0.989875
-0.0790917 -0.2
-0.340741 -1.11341
-0.228803 -0.412463
0 0
0 0
0 0
0 0
-0.26884 -1.15229
-0.218025 -0.435622
0 0
0 0
0 0
0 0
