-0.192234 -0.215957
-0.0496293 -0.0728136
-0.204527 -0.320322
-0.171588 -0.27534
-0.178696 -0.303198
-0.158005 -0.164201
0 0
0 0
-0.00797007 -0.0566319
0 0
-0.031981 -0.0482648
0 0
-0.230497 -0.279919
-0.171464 -0.211191
-0.230177 -0.258204
-0.15204 -0.142832
-0.123491 -0.11216
-0.0354644 -0.0444
-0.0774745 -0.0999988
0 0
-0.230421 -0.249917
-0.0932902 -0.0865275
-0.132314 -0.192502
-0.091271 -0.149227
-0.233361 -0.362223
-0.248003 -0.266781
0 0
0 0
0 0
0 0
-0.247956 -0.382485
-0.218215 -0.24912
0 0
0 0
0 0
0 0
