-0.209784 -0.590512
-0.259162 -0.27868
-0.17397 -0.809756
-0.23468 -0.659943
-0.176668 -0.696581
-0.16041 -0.338599
0 0
0 0
-0.00665023 -0.149435
0 -0.124429
-0.102547 -0.483629
-0.00988892 0
-0.230245 -0.832761
-0.277579 -0.347452
-0.216783 -0.712798
-0.205133 -0.25511
-0.234686 -0.308598
-0.0579175 -0.126017
-0.211102 -0.485933
0 0
-0.248166 -0.739377
-0.229429 -0.361099
-0.223569 -0.67128
-0.218626 -0.244462
-0.302224 -0.836131
-0.305146 -0.44007
0 0
0 0
0 0
0 0
-0.23593 -0.893194
-0.303741 -0.436039
0 0
0 0
0 0
0 0
