-0.144181 -0.152261
-0.0380169 -0.057926
-0.138614 -0.190592
-0.119536 -0.125353
-0.271515 -0.246624
-0.192868 -0.22217
0 0
0 0
-0.0322158 -0.0200159
0 0
0 0
-0.031255 -0.0474625
-0.155127 -0.243617
-0.137526 -0.171396
-0.145894 -0.166093
-0.13189 -0.141603
-0.1038 -0.116529
-0.0226423 -0.0942787
-0.00642931 -0.0791997
0 0
-0.178022 -0.210988
-0.18509 -0.158694
-0.11666 -0.175388
-0.114214 -0.112667
-0.197274 -0.285669
-0.247085 -0.328978
0 0
0 0
0 0
0 0
-0.198963 -0.309193
-0.205197 -0.294104
0 0
0 0
0 0
0 0
