-0.2141 -1.21903
-0.104681 -0.632912
-0.20196 -3.10193
-0.180248 -1.85738
-0.0844539 -2.41717
-0.0774772 -0.6064
0 0
0 0
-0.00665023 -0.643198
0 -0.605205
-0.016626 -1.11685
0 0
-0.235421 -2.86904
-0.225595 -1.11386
-0.202176 -2.68945
-0.0586726 -0.606696
-0.0706474 -0.6
-0.0185502 -0.606017
-0.0863322 -0.626766
0 0
-0.225124 -2.26842
-0.126193 -0.603984
-0.125462 -2.64669
-0.0557829 -1.13363
-0.295041 -3.03918
-0.230843 -1.09608
0 0
0 0
0 0
0 0
-0.313754 -3.20737
-0.255733 -1.11935
0 0
0 0
0 0
0 0
