-0.2141 -0.679031
-0.104681 -0.332912
-0.20196 -1.62895
-0.180248 -0.971782
-0.0844539 -1.23175
-0.0774772 -0.3064
0 0
0 0
-0.00665023 -0.343198
0 -0.305205
-0.016626 -0.576847
0 0
-0.235421 -1.49788
-0.225595 -0.573862
-0.202176 -1.39078
-0.0586726 -0.306696
-0.0706474 -0.3
-0.0185502 -0.306017
-0.0863322 -0.326766
0 0
-0.225124 -1.16163
-0.126193 -0.303984
-0.125462 -1.34802
-0.0557829 -0.593634
-0.295041 -1.60515
-0.230843 -0.55608
0 0
0 0
0 0
0 0
-0.313754 -1.70923
-0.255733 -0.579354
0 0
0 0
0 0
0 0
